[led_map]
0  1  2  3  4  5  | 6  7  8  9  10 11
12 13 14 15 16 17 | 18 19 20 21 22 23
24 25 26 27 28 29 | 0  1  2  3  4  5
6  7  8  9  10 11 | 12 13 14 15 16 17
18 19 20 21 22 23 | 24 25 26 27 28 29

[x_coordinates]
0   0   0   0   149 149 | 149 149 297 297 297 297
419 419 419 419 540 540 | 540 540 662 662 662 662
695 797 884 945 999 884 | 0   0   0   0   149 149
149 149 297 297 297 297 | 419 419 419 419 540 540
540 540 662 662 662 662 | 695 797 884 945 999 884

[y_coordinates]
0   115 223 338 27  142 | 250 365 0   115 223 338
14  128 236 351 0   115 | 223 338 0   115 223 338
608 662 763 655 493 459 | 0   115 223 338 27  142
250 365 0   115 223 338 | 14  128 236 351 0   115
223 338 0   115 223 338 | 608 662 763 655 493 459
